0.7510765498495187, 0.023067817788137157, 0.0471429554250018, 2.126162010844004, -0.4426130745802925, -0.8671394541232462, -0.22839184160871215, 2.4141772875841823, 0.5461408046627183, 0.7431517909150371, 0.386594926430924,
0.5469351083034941, -0.1860489941651271, 0.335700630895885, 0.06502494399737824, 0.4785551754257026, -0.34806438758324965, -0.8061241381881407, 2.3268930481181553, -0.4038124772856004, 0.33246948853988334, 0.8522907499078557,
-0.16063559143544381, -0.7230463532922606, -0.6535249862392856, 4.296825850984303, 0.5001355315633609, 0.6910779977185265, -0.5218003939603598, 3.1040188803105004, 0.8205840075775304, 0.11848617632831475, 0.5591090345604292,
0.7567541491832119, -0.1946023648298747, -0.17659745326255338, 3.879348188269994, 0.14087221265277133, -0.9152798232833936, 0.37738291534280116, 1.5998664338443085, -0.46599287756995367, 0.7961981047444174, -0.3859005261145311,
0.19899212801923727, 0.07668990899855754, 0.8637047268666282, 4.3459883943318465, 0.6102055370723889, 0.32762795803879, 0.7213245619258576, 5.33882544908549, 0.9930005320741039, -0.1176423668145408, 0.010498420396400032,
-0.22968674968251102, 0.5483290998512556, 0.319457502456173, 1.0383889455753925, -0.9990946072587927, -0.021309671217020733, -0.036822053976130344, 3.2425592254744307, -0.38842183930114804, 0.6233353298196809, 0.6786615808726045,
0.9463226041073491, 0.2054354952050479, -0.1984977162940429, 1.177028469799851, 0.7872179887241938, 0.07071664261028866, 0.6126067210592483, 2.7356684697899527, -0.09798983086244356, 0.9072312577142404, -0.40905921096314035,
-0.09758487242707314, -0.26327971583847676, -0.7895208482736054, 0.15612493346573905, -0.1872380547016271, 0.27327872281001714, -0.9435362475977678, 0.6112153942548274, 0.0774637191024748, -0.11242248632705401, 0.9906364402700197,
0.058189888818900304, 0.5414118469867146, -0.26872189786119494, 2.2069721073010373, 0.7455516131585697, -0.3508753422243725, -0.5666032883204826, 5.58026336647369, 0.8099304551393949, 0.535753745078029, -0.23870605872612236,
-0.046908675303522385, 0.80868604869173, -0.12062842757415204, 4.148530475958681, -0.14392405117359458, -0.22410580195235572, -0.9638788601401486, 1.0382568840733262, -0.23221512455310225, 0.9685436396623002, 0.08943910776887161,
-0.4588233598814897, -0.18539648576590806, 0.25066951043063423, 3.398806340690718, -0.20969339562194073, -0.4761214719917752, 0.854012308893101, 1.5130149176998038, 0.05095653079827897, 0.9645121170229528, 0.2590749082503083,
0.6733778567557249, -0.5017863759897643, 0.5383870547012262, 6.039222610000991, -0.2853145613198217, 0.8471870416911581, 0.4481849143930013, 1.8430741599907674, -0.2603754117059602, -0.7643517248125526, -0.5898907405232154,
0.67741596685555, 0.5057735294509762, -0.45725782360107736, 0.7000096820082078, 0.020467293620412233, 0.9948403690467059, 0.09936664433737087, 2.2665619918234654, -0.18129207555291188, 0.9543242387537253, 0.23748353767964614,
0.580303554618333, -0.623818400465157, -0.05399808996327149, 5.444562434917273, -0.07851280771051929, 0.5435717805663025, 0.8356826301876752, 5.400434826026298, -0.7239152629979254, -0.6411703074563859, 0.2546513868702226,
-0.42553388639692513, -0.6424434969217936, -0.43474905766551974, 1.21448948393361, 0.2970646065761172, -0.8770132534794701, 0.37762464530421114, 5.154036965563945, 0.7906249963582579, -0.4277881749573206, 0.4380746426126369,
-0.283834650633777, 0.619514661978293, -0.6892932570291892, 0.19249563840373324, 0.6143024589853527, 0.02753942847577592, 0.7885899243356946, 5.260182366041699, 0.20008107059894384, 0.7959082298394532, -0.5713997329906698,
-0.13899702156347526, 0.0022568320483682403, -0.021066350056244465, 3.8618486868554207, -0.22175792977303418, 0.9447857784325285, 0.24125350454328956, 6.279809799034425, 0.44800216779325247, 0.6274510931698103, -0.6368666919635196,
-0.29340466222485584, -0.3364289955161677, 0.8423379422707407, 0.47179458038071903, 0.24467455794988072, 0.6690476886652674, 0.7017902471420459, 0.7546349598068973, -0.7521951945673108, 0.6289326049914024, 0.1965862855047985,
0.10676715495507683, 0.7932786440858361, -0.07462243710004746, 4.501671641480774, -0.0284758035419847, -0.5006548594172499, -0.8651785020182438, 2.8780053383602637, -0.5750675304997576, -0.08203913872756878, -0.8139821343750421,
0.8144468855850993, 0.2486212814577391, -0.16808636259130316, 5.822039379619823, 0.8017830900296563, -0.005797112672062448, 0.5975870397081613, 4.682990075947694, 0.6365269367468083, 0.6419422816273936, -0.42748516448496887,
0.9519535959948242, -0.16386548999115025, 0.15656157181148878, 0.8221573036214592, -0.540390919912816, 0.6620899578806313, -0.5192442020373503, 4.504509125579916, 0.3780581832636617, -0.5346953833434053, -0.7557597879608496,
-0.41813541454191383, 0.1103057643823826, 0.6472357968803271, 6.186371996218198, -0.9001177687445322, 0.21695740336321048, -0.37777968118502364, 1.800557291227312, 0.7639094207215723, -0.5931524410182869, -0.2541900443504414,
0.1085309828191503, -0.06779272605502307, 0.05788004411130965, 0.49286416074350287, 0.7073904766057871, 0.7033692427901959, 0.06978840809320644, 4.760301855377999, 0.9624946735217935, -0.12993072508868214, -0.23816383041953598,
-0.3512085022903493, 0.06888221584620613, -0.789179325367898, 2.525269821383126, -0.8125775558522252, 0.5714564169518382, -0.11469646572493276, 1.881190600562662, 0.4725892722330849, 0.8086971158641033, 0.3502404239423031,
0.683992598052197, -0.2938346435499608, -0.6165400151065654, 5.494202217416967, -0.583080703595905, 0.19541058610334514, 0.7885629942704967, 5.745925739970761, -0.1866824984034927, 0.5634223514488481, 0.8048011547442515,
0.7938963009004472, -0.0973924536738342, -0.0005180224663403621, 0.04156976978864216, 0.17537956868104285, -0.02592204049826014, 0.9841595677051858, 2.6843702114160797, -0.5060238625803056, -0.8263172728987891, -0.24726426148640276,
-0.1752718715869377, -0.46718630007143624, 0.7983221417460398, 0.8102341079382789, -0.30224590741647567, -0.5602194667526943, 0.771233791091468, 1.6530972420741878, 0.2160014766825474, -0.9629624107559821, -0.16139007882142645,
0.6182000768570599, 0.18842241955033745, -0.5191877882075655, 1.29087492143056, -0.5336449877108562, -0.13235161985280774, 0.8352880196754996, 4.007257081762638, -0.059488334573212814, 0.9981842438470327, 0.00945269195695094,
-0.18049948314195996, 0.2843570758952343, -0.2633335168847919, 1.659000254555944, 0.34853454205411927, 0.8587542665429241, -0.37558591918421247, 5.190834398774952, -0.024910065437768972, -0.334173906792942, 0.9421821950443704,
0.5319741670640696, -0.06711647862834069, -0.5058432358340126, 4.708514649089148, 0.7195928185528506, 0.6923541201884877, -0.05321604781632308, 2.069393190893021, 0.6483001610030796, -0.30724125928979207, -0.6966417370739452,
-0.45685255271897596, 0.7302858330113848, 0.37756898503111125, 0.35134469679430574, -0.11180715304873322, 0.9719514133534134, -0.2069048346642467, 3.053515803130425, -0.7860989228358635, -0.617230128055892, -0.032794093010817794,
0.0664604458433018, -0.0750724195734096, 0.3271158946085182, 3.671889959499263, 0.44436728988229235, 0.5929476577666319, -0.6715286939749723, 2.515511838142272, -0.04980236636883309, -0.6144915737504729, 0.7873498778140069,
-0.337370853157259, -0.08591184748400238, 0.21362417456196758, 1.2143659062021044, 0.9989505925731674, 0.003818088599982615, -0.045641382507107954, 3.8336064750307535, 0.45447911707558925, -0.33082642356446024, 0.8270445028012344,
0.5856975775597144, -0.09728504778487479, 0.7617246011696805, 4.023283996243107, 0.40487698781683384, -0.48945667199603343, 0.7723385209705228, 1.5311757612724728, 0.14279413139492628, -0.28470558738252694, -0.947920125618366,
0.7475744554064025, 0.5302637167134028, -0.1425824742034043, 1.073187521505143, 0.6544445304873132, 0.5436603149191626, 0.5254862686095967, 6.060603508287883, 0.8219452059438392, -0.4338675750866799, 0.3690054277572946,
-0.3054521650352324, -0.21390745843789039, -0.21301394411856633, 5.007382223953731, 0.21626384499954424, -0.8780130209634269, 0.4269930729703822, 3.5840761257770146, -0.962769209856208, 0.20148376946114754, 0.18022136165443908,
-0.26857480289390745, 0.7458572947746742, -0.5392619097591835, 5.238461808142195, 0.1428994952941765, -0.7256064197042578, -0.6731085038302802, 2.7633979362131047, -0.4632186348628379, -0.021220624343293536, 0.885989944309917,
-0.004376597060160359, 0.6884478378986942, 0.037561531191307784, 5.861849679645528, 0.9305628546875304, -0.012366283062449357, -0.3659232822860737, 5.48454985437296, 0.0695637152389806, 0.7328980479709019, 0.6767727394056233,
-0.10276178395275526, -0.16554865011416786, -0.12374196123851222, 3.413158504987581, 0.9591919057099769, 0.23393881693274016, 0.15881913597728886, 5.607308984819495, 0.6425795801411263, 0.7650363648005902, 0.04255400942745647,
-0.5428476703631386, -0.1442162340976607, 0.27532974086965556, 2.447314822702309, 0.49046460936142394, 0.41225373490336314, -0.767783384179531, 2.653896614961553, -0.1604247399301653, -0.6374968451999582, -0.7535659726781986,
-0.6473561859577408, -0.19553670661026268, -0.1168347459611605, 3.3007048584780034, 0.7945011304582511, -0.3675288062035577, -0.48341548414500407, 1.6141923529993352, 0.7932645252380977, 0.07632464981279169, 0.604074449740866,
0.2978015428891374, 0.4245278851704941, -0.5587440965910644, 0.322672712036529, 0.4409067988601107, -0.8826799050778051, -0.16271871401521903, 3.2431482576158452, 0.7627998553180282, 0.6419262498262941, -0.07789140203350689,
0.4147851841576988, -0.4935974842753723, -0.40047875741492334, 5.389885886203954, -0.6382022308038305, 0.5778219011814963, 0.5087433175109184, 1.3842276564659384, -0.915408997172372, -0.0116175676478974, -0.402357303920059,
-0.1998997100669655, -0.15025288316581187, -0.8182378108447119, 0.14175820880045628, 0.3949489443044978, 0.3068566231573525, 0.8659413052957049, 2.033494287739608, -0.5400400416320575, -0.534104163586887, -0.6504533003015649,
0.14340734645041442, 0.413928543568167, 0.8385487565158509, 1.6387208688197048, -0.6277990796287196, -0.5716455559346065, -0.528289384710262, 2.1266947630604855, -0.9816175388827161, 0.14520649694624918, -0.12386315272282687,
-0.29425678170404534, -0.6763112750403557, -0.21555349564665316, 5.409543586452799, 0.22087377168750374, -0.9680767032146202, -0.11850009988876993, 0.6025159527208976, 0.9222973502845221, 0.33658712853807693, 0.18993868105428588,
-0.11445105723205629, -0.13227136030961062, -0.20750429996684727, 0.04154333404983197, -0.1547091223948527, 0.5432339044354827, 0.8252042247344564, 4.450847908083538, -0.1296426782369257, 0.8831096877777287, 0.45089916315366957,
0.09042423020413448, 0.3498552942364832, 0.9055436684322613, 2.319853383019844, 0.1698749529850855, -0.36613725224116056, 0.9149240475960876, 2.8078532048538998, -0.9436444874390306, -0.17546166425571383, 0.28062124955630896,
-0.8950458486012245, -0.030911268226870847, 0.10575658329392779, 4.808596640580989, 0.015199645144013675, -0.7937022451402655, 0.6081165322919595, 1.0191998702942915, -0.41416248061149175, -0.09863804384127882, -0.9048425144525989,
0.48789419217388375, 0.09992799272337916, -0.7912569249458175, 4.441413362309512, -0.3543645355996452, -0.003499824608941673, -0.9351008112160712, 4.024295885204206, -0.2772899584365876, -0.2562200096323593, 0.9259922168216259,
